kinematics:
  shoulder:
    x: 0
    y: 0
    z: 0.15195695401419917
    roll: -0
    pitch: 0
    yaw: 3.7351902965578748e-05
  upper_arm:
    x: -4.7985853471451459e-05
    y: 0
    z: 0
    roll: 1.5711419627175269
    pitch: 0
    yaw: 8.3159909431774348e-05
  forearm:
    x: -0.24376294470908022
    y: 0
    z: 0
    roll: 0.0034972836810408508
    pitch: -0.00011571326820721515
    yaw: -5.8053485722061877e-05
  wrist_1:
    x: -0.21307248672075763
    y: 6.7474636513886794e-06
    z: 0.11282518982740999
    roll: 3.1415328490048982
    pitch: 3.1385556431575261
    yaw: -3.141548990979143
  wrist_2:
    x: -2.8210824608679001e-05
    y: -0.085323369560690199
    z: -4.86338565008302e-05
    roll: 1.5713663212932889
    pitch: 0
    yaw: 4.6414566444628886e-05
  wrist_3:
    x: -1.5956533281836399e-05
    y: 0.082434419561538227
    z: -5.8446737216098541e-05
    roll: 1.5700873180127231
    pitch: 3.1415926535897931
    yaw: 3.1415207608490241
  hash: calib_15158850290125382909
